4.201900 -1.637100
2.613600 -1.597800
3.663000 -2.071200
3.444800 -1.892800
4.322300 -0.744100
2.960700 -2.272100
5.688300 -2.241300
1.380100 -2.452100
2.802300 -2.106000
3.504600 -1.806100
1.696300 -2.139600
2.706400 -3.234300
2.777700 -2.864300
4.060100 -2.406700
3.189900 -0.136000
2.440300 -1.721700
3.229700 -0.926800
2.718300 -3.091500
2.884100 -2.417300
2.313100 -0.841900
4.575500 -1.265100
2.729200 -1.214000
2.969300 -0.597600
0.717400 -2.024300
2.416500 -3.381700
3.727700 -1.261900
2.111900 -2.706700
1.937800 -3.286200
1.496200 -1.457600
2.683100 -2.959400
1.968100 -3.605500
2.710400 -2.391900
3.124700 -1.228900
3.481800 -3.825300
2.072800 -1.382100
2.669000 -1.815500
3.363100 -1.451500
3.445500 -1.511900
3.400600 -1.147900
2.638800 -1.830400
3.630000 -2.563600
1.554500 -1.891300
1.972400 -0.912000
3.568200 -1.947800
3.013600 -1.768900
3.117200 -1.881000
1.847300 -2.158000
3.594800 -2.465400
4.213000 -1.657400
1.217300 -2.868200
2.579300 -1.878700
3.524700 -1.418700
2.499800 -1.539600
3.565000 -2.948800
3.197700 -2.203300
3.984500 -2.646200
2.972300 -2.712500
6.596300 -2.298900
2.468200 -1.346300
2.606700 -1.563700
4.258700 -3.406700
2.032800 -5.912500
3.288900 -2.377100
2.591500 -1.250100
3.356100 -1.883200
4.484200 -1.698200
3.586100 -2.821000
2.099600 -1.201700
2.558900 -2.007500
2.589900 -3.868800
4.012800 -2.044200
3.240800 -2.027600
3.420800 -2.699600
4.081500 -2.730300
3.883900 -2.236100
3.529000 -2.296000
2.693900 -1.282800
2.128900 -0.432600
3.792700 -1.830300
0.987600 -2.176500
2.265200 -2.970400
2.075000 -2.328900
1.907000 -1.044300
1.807400 -2.141900
3.084300 -1.405600
3.170700 -0.647700
1.709600 -1.201300
4.580100 -1.496000
2.474100 -0.783100
2.255000 -0.897400
3.449900 -2.885600
3.624700 -2.569000
3.341300 -1.075500
2.502100 -1.791200
3.496600 -2.200100
4.218200 -0.715000
3.365000 -3.832100
2.399500 0.605100
3.655900 -2.381100
3.199600 -2.985500
3.036200 -3.319600
4.104400 0.009800
2.415700 -2.076500
1.057300 -2.154000
2.549300 -3.259100
3.863100 -1.186800
3.093300 -0.754700
3.977700 -1.733200
3.725100 -3.894800
4.695600 -2.235400
2.034600 -2.347200
3.613200 -2.524900
3.922200 -2.787300
4.261100 -1.555000
1.908100 -2.261700
2.964500 -2.868400
2.079100 -1.816900
2.925300 -1.318100
1.850400 -1.441800
3.643400 -1.304000
4.076500 -2.023900
4.035200 -1.765100
0.353100 -1.888700
4.361000 -3.618300
3.239400 -1.953800
2.193100 -1.693600
3.175300 -2.898400
3.085000 -1.779800
2.327100 -3.067800
3.501900 -2.686200
3.830000 -2.812000
1.878900 -2.310600
2.940500 -1.424400
3.013000 -0.500700
2.221200 -2.391200
2.893800 -2.309100
2.388300 -2.194400
6.170300 -2.109100
2.795200 -1.803900
1.257800 -2.796300
3.612300 -3.280600
1.852200 -2.061200
4.087400 -0.419300
2.631900 -2.012300
2.086000 -1.281800
5.038500 -2.022600
1.235000 -1.198600
3.721000 -0.651100
2.825500 -0.455300
2.604700 -2.596700
2.964200 -3.364200
1.313700 -3.089800
2.949000 -1.154300
2.485100 -2.508100
3.224400 -1.347800
3.234500 -1.353600
1.721100 -2.651100
4.553600 -0.861600
4.577000 -3.262100
4.252500 -2.899100
2.831100 -2.648400
2.644000 -2.255300
2.247700 -2.253000
2.571700 -2.461800
2.686700 -2.833000
2.393500 -2.120500
2.330100 -0.247500
3.588100 -1.373800
3.989400 -2.197300
3.482700 -0.678400
4.205400 -2.951000
4.827900 -0.939100
4.063100 -1.281900
1.395600 -2.318800
3.190700 -2.761300
2.753800 -2.089700
3.288100 -3.104300
3.235700 -2.061600
3.838000 -1.664900
4.648800 0.086600
2.351600 -3.256800
4.181300 -0.217500
3.010400 -1.675100
3.310500 -1.921900
2.759200 -2.581300
2.747800 -2.205400
3.706900 -1.905200
4.748100 -0.615300
2.674800 -1.180300
2.785300 -2.907700
2.946200 -2.453100
4.760200 -2.367300
2.958600 -1.357600
3.564500 -2.077600
2.340100 -1.146300
2.735300 -1.793500
3.504700 -1.277900
2.835200 -2.011800
4.351500 -2.678100
4.775800 -1.918500
2.724200 -2.689300
3.385200 -1.959300
2.629700 -2.739100
2.392300 -1.081000
3.254600 -0.601700
3.740000 -2.768100
0.608900 -1.852400
1.717500 -0.946900
2.819700 -3.536300
3.828400 -2.455000
2.242000 -1.587200
1.525200 -1.665400
5.460700 -1.863000
1.888500 -2.588000
1.282600 -1.961100
3.655900 -2.409800
2.948300 -2.557600
4.003200 -2.066300
2.128300 -1.749600
2.758100 -1.521700
2.221400 -1.312100
2.747100 -2.676500
1.722800 -2.107200
3.325900 -2.824800
2.960000 -2.824200
3.433600 -2.523000
2.713000 -1.758000
2.475100 -2.613400
2.797600 -1.465500
1.876500 -3.299500
1.537000 -1.609800
1.915700 -3.278800
3.947000 -1.836400
3.263100 -1.220600
2.997600 -2.174300
2.613800 -2.390400
2.769300 -2.935500
3.021100 -2.620800
2.050100 -1.496800
2.366200 -1.993000
2.459400 -2.542700
3.317700 -1.418300
2.869200 -3.049500
4.144400 -1.769100
1.912200 -2.207600
3.556300 -2.740600
2.817900 -1.594200
1.949200 -2.079000
2.332600 -2.814200
3.772800 -3.463200
2.662700 -2.431600
3.073800 -0.513900
3.424600 -3.179000
3.916300 -2.661800
2.683900 -2.671400
4.115300 -2.551800
4.392900 -1.181000
1.884700 -2.430300
3.563500 -3.560300
1.011000 -1.069500
2.556500 -2.105800
2.138800 -3.565900
-0.067400 -2.695000
1.275700 -2.472900
3.406000 -3.019600
2.662200 -2.071500
3.429500 -0.599400
3.186300 -2.771800
3.643500 -1.293300
2.880000 -2.096900
2.775600 -1.471500
1.868200 -1.136700
3.533300 -1.238000
2.097500 -3.421700
1.880200 -1.768800
3.345600 -0.283300
1.312400 -0.779200
2.294600 -2.387700
2.314800 -3.188100
2.212800 -1.731000
4.255800 -2.710500
2.723800 -3.812600
4.220100 -0.599100
2.989200 -2.650000
3.025000 -1.919800
3.052700 -1.935000
4.482800 -2.525100
2.727000 -3.372900
4.298600 -0.104600
1.698100 -3.208300
3.840300 -3.314300
1.536200 -1.965500
2.897400 -1.116800
5.464700 -3.628100
1.973700 -1.482100
2.529000 -1.180300
5.249400 -0.973300
3.011600 -0.194600
2.392300 -2.329600
2.987200 -2.165200
2.942900 -2.465800
4.187500 -1.133200
2.316000 -0.131500
4.137000 -0.095000
2.373200 -3.317400
2.402600 -3.259600
3.965200 -1.094200
2.659100 -0.980000
1.222600 -1.016000
3.634100 -1.764100
3.019000 -0.295900
4.792200 -0.863100
1.435800 -1.098900
2.977600 -2.411700
4.125300 -2.050000
3.130500 -1.802500
4.112600 -0.598000
1.669600 -2.549700
4.428700 -2.719600
3.110500 -3.072400
2.239400 -1.787900
3.682000 -2.351300
3.642500 -2.001400
2.151900 -2.758500
3.033200 -2.372300
2.079400 -1.152900
4.990700 -2.505400
2.846300 -3.680100
3.131900 -1.764200
2.223000 -1.703600
2.669900 -1.596400
2.599000 -2.051400
3.399900 -3.990400
4.669000 -1.681400
3.994200 -0.497000
3.167700 -0.686800
4.161600 -0.575000
4.085300 -2.154900
1.877500 -2.301400
3.129100 -2.753700
1.891000 -2.551100
1.407200 -1.789900
4.261700 -3.056500
3.682500 -1.271400
2.220100 -2.008500
4.856200 -1.253000
2.976500 -3.809100
4.463800 0.083600
2.461900 -3.065200
3.484000 -2.649400
2.982300 -1.487100
4.039500 -2.877900
2.745300 -3.025800
3.997500 -0.780900
2.964600 -1.731000
3.855600 -2.527500
2.792800 -2.197300
4.288200 -0.576300
1.697600 -1.703900
1.368000 -0.270100
4.143200 -4.026400
4.250600 -2.124100
3.760600 -1.894600
3.308600 -1.137800
2.609700 -1.868500
2.690200 -2.217500
1.495100 -2.494300
3.340500 -1.420600
1.619500 -3.056300
3.610000 -0.960600
3.295100 -1.436600
3.496500 -1.534500
2.157900 -2.528500
3.067100 -1.944400
1.756500 -2.049100
2.297600 -0.215500
1.756900 -2.658700
4.069600 -3.441500
3.455500 -2.471800
2.375300 -3.498900
4.540400 -1.790800
1.932200 -1.425300
2.976500 -1.768700
4.177200 -0.614600
2.353700 -1.835800
2.717000 -2.015000
3.168500 -2.340800
3.171400 -1.954300
4.532300 -2.522300
3.043700 -1.139900
4.317600 -2.750300
2.716200 -3.758500
4.130300 -1.807100
2.943800 -2.456200
5.262700 -2.344000
2.626500 -2.046500
3.636500 -1.525400
2.137200 -2.066400
3.790400 -1.055400
3.976300 -0.803600
1.989200 -2.387200
0.432100 -2.123200
1.077700 -1.378000
1.664900 -0.963000
3.090000 -3.587500
3.404200 -1.723700
2.787400 -2.066300
3.251100 -0.758400
2.599300 -2.982300
4.112500 -1.394600
3.403700 -0.229300
3.678400 -2.057800
4.271500 -1.581300
3.252700 -2.286800
3.749700 -2.120000
4.265900 -3.324300
3.564500 -2.473600
2.401600 -0.654100
4.517400 -2.215100
3.740900 -2.706000
2.814300 -1.901900
4.932200 -2.755400
0.951700 -0.849600
3.269200 -0.384400
4.746500 -2.499700
3.054900 -4.039900
2.001000 -2.090800
4.014800 -2.689200
3.169300 -0.565600
1.763000 -1.552500
2.431400 -2.579900
2.486300 -2.339300
2.561300 -2.053700
2.454100 -1.968700
3.807400 -3.190100
2.931600 -1.855000
3.926300 -3.448000
2.885600 -0.932800
1.822300 -1.146100
2.602300 -2.746000
3.527700 -1.168300
2.962200 -1.659200
4.985000 -1.813300
3.975700 -2.935700
4.073900 -3.106000
2.308700 -3.763700
4.322400 -1.555700
2.322300 -1.847600
3.002400 -0.650300
2.021200 -1.324200
3.654700 -0.950100
1.650000 -2.838800
3.149900 -1.694000
1.936300 -1.443600
2.355000 -2.092100
3.330500 -1.081600
3.007700 -2.931800
4.083200 -2.218700
2.677100 -1.170000
3.798800 -1.958400
3.894100 -1.143500
1.907100 -2.544800
2.289200 -0.554700
4.386100 -3.036800
1.828900 -1.673000
2.522600 0.080500
4.032600 -3.103200
2.925900 -1.326100
2.264700 -2.322900
2.806500 -0.891000
3.487100 -3.665100
3.829500 0.465100
3.304800 -1.448800
1.816000 0.000200
3.085500 -3.742300
0.722300 -1.680800
3.156900 -1.964900
3.177100 -2.878200
2.230000 -1.561000
2.375800 -2.538500
2.297000 -1.216600
4.172200 -3.041800
3.787700 -2.326300
2.497900 -1.764600
3.717200 -1.547200
3.538300 -2.686100
3.150400 -1.582500
2.571600 -2.441800
3.389600 -0.998200
3.443100 -2.636900
3.570500 -2.064500
1.516800 -2.258200
3.668600 -1.508900
2.278300 -0.537600
1.706700 -1.291000
3.006300 -0.888300
5.038400 -1.090800
1.804300 -2.867200
3.622200 -3.193300
4.093400 -2.096900
4.497100 -2.949400
3.965100 -3.335400
2.519000 -2.802300
0.991800 -1.668600
3.335300 -0.186300
3.013200 -1.872700
2.723600 -1.782400
3.867500 -1.616000
2.992700 -1.040700
2.916500 -3.050600
2.971900 -3.139700
2.986200 -1.880800
2.163500 -1.445300
3.229500 -3.230900
3.892800 -2.369600
2.268200 -3.088800
1.639700 -2.551500
3.348500 -2.366000
4.403100 -1.963700
4.806700 -2.322700
2.328300 -0.862500
2.321400 -0.780100
1.636500 -2.522400
1.671800 -2.512600
2.944300 -2.872000
2.717700 -0.949700
2.642900 -1.613700
2.352500 -1.435100
1.981100 -2.755500
4.766100 -1.501500
4.412100 -0.665400
4.568200 -2.576300
2.060400 -2.012900
0.590300 -1.643500
4.292600 -2.282100
4.066000 -1.481100
2.020600 -1.954900
2.943700 -2.636000
2.147000 -1.673600
5.516000 5.938400
5.381600 7.226600
5.772200 7.321700
5.951000 7.960400
5.448700 6.131800
5.850400 6.787800
6.961800 8.263500
4.980300 6.985600
6.235000 6.115400
4.051300 5.241900
5.548400 6.801300
6.488100 8.538300
5.688000 5.518500
6.657100 8.559900
6.517600 8.788600
5.163400 6.731100
5.213500 6.198600
7.167700 7.955300
6.585400 7.989100
6.539100 7.419100
6.350200 7.676700
5.857700 6.762800
4.165400 6.258500
5.476400 6.033500
5.122500 7.555700
6.329600 6.046200
5.750100 6.486800
5.466900 6.769500
6.983000 6.925500
7.181800 9.444900
4.581100 6.742900
6.287800 6.812400
5.936600 6.479600
7.201900 7.771600
5.300700 6.673000
6.510500 6.513200
4.444900 4.906800
5.705000 5.483800
5.928700 7.255300
5.425100 5.725900
7.038900 7.314900
6.860800 8.485000
5.529200 4.917800
5.164600 4.458600
5.812100 6.427900
5.367100 8.707400
5.419900 5.543000
5.971700 5.954600
5.282200 6.844500
5.130800 5.228700
5.047300 6.158300
5.840300 7.115700
6.217500 5.649400
6.142300 7.506100
5.759400 7.578900
6.241300 5.600800
5.638000 7.521600
7.531700 8.676200
5.675700 6.866200
5.710200 7.530400
5.222900 6.793200
7.098800 5.575900
7.316900 7.736300
6.304300 7.857900
5.500700 5.806600
4.533100 6.444700
6.127500 7.724600
5.838800 7.602900
6.505300 7.849300
5.224000 7.760800
4.925200 5.791800
5.675300 6.446900
5.916100 8.938500
5.649000 7.453400
6.089600 6.984700
5.044200 6.787100
5.816000 7.196500
4.486100 5.027100
5.868400 7.786100
6.080400 5.746000
6.249600 6.577600
6.022900 8.241800
6.424700 5.025200
5.805500 8.631200
4.956100 5.500400
6.375100 7.347100
6.078100 7.164200
5.329800 4.735300
6.007600 8.520900
6.338700 6.403800
5.300600 5.253900
5.598400 7.109300
6.878900 7.108000
5.480300 8.127700
5.052600 6.102100
5.651300 6.749100
6.053900 7.396800
5.189100 7.273000
6.283600 7.766900
4.706600 5.574600
7.270400 6.657700
7.072400 8.513300
5.535600 5.973000
5.988400 7.705000
7.113900 6.286800
4.966100 6.079900
6.827200 9.646200
4.758400 4.786600
5.324300 6.316200
5.546200 5.360400
6.618500 8.852900
7.655200 8.615500
5.642700 8.337400
4.933400 5.586500
7.115300 9.193500
6.870900 7.794800
5.983200 6.192200
6.780800 6.024400
5.295200 5.947600
6.188700 5.868200
4.981400 6.205000
4.884700 6.180800
6.712800 6.671000
6.654700 8.383100
4.937700 7.790800
6.014600 5.947500
6.102500 8.178100
7.483500 7.812800
6.468900 6.894400
5.432900 7.979500
5.796800 8.434900
6.863300 7.828900
5.456200 5.690400
7.118300 8.391700
6.845400 7.411200
6.193900 6.237000
5.709200 6.752200
6.589100 8.079900
6.324400 7.527600
5.608500 7.234800
5.483000 6.278900
5.668400 6.226200
4.463500 5.636100
7.129800 7.896200
6.422400 8.295600
5.572200 7.408800
5.340800 6.596600
5.700600 6.594100
6.741700 5.851400
7.137900 8.784000
5.342800 5.087300
5.317800 5.645700
6.362400 6.791400
5.660300 6.096000
5.731600 7.034500
5.768000 6.022800
5.452200 7.778400
5.809300 8.264200
5.662300 7.185500
4.817900 5.774100
6.594300 8.128400
6.806700 7.611500
6.816700 6.373800
5.833400 8.038100
6.626600 7.490300
5.956600 5.905800
5.523400 6.005400
5.956300 7.296400
7.116200 6.486800
5.726800 6.063300
6.602100 5.517400
5.340000 6.001000
6.074800 8.467900
5.708000 6.210800
4.577200 6.306300
4.197600 6.159300
5.990200 6.283700
5.544000 6.901600
7.182600 7.230800
6.604800 7.120000
6.155400 5.981300
4.709700 3.525000
6.245700 7.617600
6.030500 7.476100
6.380700 7.104600
6.312800 8.602900
6.005800 7.099200
5.130100 6.312500
4.781900 5.517800
6.116700 7.032400
4.918500 5.309600
7.021600 7.172700
7.033600 7.239300
5.443900 6.502800
5.708200 6.194500
6.793900 8.044600
7.158600 7.140100
6.034800 6.092800
6.749100 8.693100
5.308100 7.342200
4.824900 5.529100
6.062900 8.394200
6.245500 6.679200
5.796800 6.457000
6.236400 7.457700
7.339700 7.201300
6.956500 9.011400
6.280700 6.738600
6.594700 8.084000
6.286100 7.622000
4.887700 6.381600
6.515400 8.442400
5.094400 4.593900
5.640500 6.906100
6.048300 6.927400
5.021200 4.324600
6.591900 7.648900
6.398900 5.810700
5.927300 6.411300
6.705500 7.672900
6.309200 6.596700
5.806900 6.187500
5.690800 6.499000
5.977000 8.231500
6.714600 6.137600
5.695200 6.773000
6.202400 8.957400
5.083200 6.187100
7.072200 8.648200
4.621900 5.629200
7.175100 7.573900
6.395500 6.420100
5.770500 5.679800
6.366300 7.449900
5.350100 7.203400
5.363000 6.204000
6.505900 6.587300
4.974300 5.258700
5.513800 6.486600
5.675600 6.999600
6.078500 7.689800
5.833300 6.041400
5.167500 6.726700
5.769100 5.614500
6.817900 7.785500
6.085100 6.988800
8.208000 7.505100
5.253900 5.289600
4.787400 6.268300
4.830700 6.862600
5.105800 5.733400
5.790100 7.302600
5.854100 8.473300
6.918800 7.929100
6.072800 6.908900
5.672400 7.153300
5.665500 6.497600
5.766200 6.821400
7.338900 7.507600
6.343400 7.873000
6.900900 7.900100
6.503800 8.452300
5.916200 7.497500
4.342900 5.963600
4.686300 5.920500
5.325400 6.150900
6.237400 7.399300
6.207400 8.692900
5.946100 7.840200
7.445200 8.118300
5.656300 7.802700
7.539900 8.764100
6.224000 8.672600
3.543600 4.592600
6.047100 6.683800
6.171900 6.556800
6.301700 6.517300
5.914900 6.344700
7.722100 9.268700
5.920800 4.778200
5.621800 7.201100
5.546100 6.854300
5.845800 7.883700
6.377600 7.204800
7.261700 8.722900
6.654500 8.773800
6.276500 8.685200
6.031200 8.155500
6.236800 8.003000
4.879600 7.249100
6.208900 8.151800
4.567500 4.923200
5.899300 7.830800
7.196100 6.251400
4.611500 6.296900
5.243800 7.221000
7.326700 8.786500
5.987700 8.336800
5.830000 5.523700
6.617200 6.431600
6.172800 5.789800
7.455000 6.515500
6.151200 8.581700
6.721000 9.086700
5.341000 6.016100
6.086200 6.749900
7.042700 5.634600
4.999800 5.248700
6.141200 6.086300
6.627200 6.526100
6.718300 7.939500
7.052000 7.017700
5.796900 6.496700
5.969400 6.892500
6.774000 6.846900
5.961100 8.017300
6.929600 6.321200
5.774200 6.465300
5.382800 6.487400
5.916800 7.389500
5.522000 6.387100
7.199500 7.017900
4.981200 6.173000
5.927600 6.257300
6.206900 8.891300
5.552000 5.702600
6.948700 7.975400
6.424800 7.721000
5.829900 6.389700
6.421100 5.740600
6.697800 6.901500
6.490900 7.698600
5.542200 8.682300
7.003000 7.797300
5.491500 6.531600
5.323300 6.622100
6.465100 6.492200
5.771700 5.933000
5.904500 7.206200
5.756200 6.701000
6.731200 6.203700
5.946000 6.273500
6.601400 7.900800
6.045900 7.181500
6.698900 7.088700
5.307000 5.766900
4.216000 4.550200
5.679900 6.854100
7.206400 9.137700
6.475500 6.764000
7.333200 7.435100
7.708500 6.975700
6.054700 7.038500
5.715400 7.177100
6.557100 7.039400
4.426000 5.407200
6.194000 7.369600
5.930500 7.710800
5.293000 7.290500
6.459700 6.905600
6.817700 7.380800
5.735200 6.415700
6.809000 6.881300
6.160400 8.095700
5.981100 8.805300
5.732600 5.436200
5.987400 7.443000
6.773800 7.675900
5.216400 6.583200
5.916500 7.718800
5.362000 6.305000
4.920000 6.006400
5.388900 5.152200
7.515000 8.673300
5.200200 6.673500
7.099600 7.958500
8.102800 7.096200
5.601800 4.251600
6.322800 6.505300
5.669200 7.315800
5.770200 7.674800
5.483600 6.695500
5.736900 5.132300
6.506900 9.046600
7.111300 7.969600
7.402200 8.842700
7.392100 9.390200
7.094100 8.447600
5.257300 6.634200
6.185900 7.882000
4.887000 5.536200
6.439500 7.705300
6.522600 7.103400
5.983800 5.713200
6.823700 6.561500
5.417100 6.634800
7.335200 8.090300
4.861000 5.907200
6.591900 8.007600
5.457700 6.912600
5.799000 6.917300
6.951900 8.789800
5.890200 3.944300
6.212300 6.816300
5.553100 6.399600
7.479500 8.784100
6.163500 6.850200
6.897500 10.088300
6.497700 7.435200
6.940500 7.698500
6.740100 7.750400
5.541300 7.265400
7.298400 7.792100
4.730600 5.477900
5.164100 5.588200
5.402100 5.874800
6.004600 8.084400
4.841300 6.350700
6.714400 7.406200
6.379300 7.903600
5.140600 6.361300
4.043000 5.088300
5.200900 7.603800
6.947800 4.868500
5.358800 4.862700
6.580000 8.214000
6.432300 8.196300
6.009400 8.258600
6.227800 8.059400
5.981300 7.592100
7.321400 7.928900
6.852900 7.647100
5.738000 6.902400
6.553700 7.014700
6.395600 7.345100
6.213400 9.369700
5.793400 7.767700
5.540900 5.689900
6.373400 7.201600
5.140000 5.681600
5.217100 5.687700
6.452000 6.152900
5.264600 5.933100
6.703100 6.965800
6.705400 7.319500
5.897300 7.318700
6.226500 6.303300
4.136100 5.382900
6.575100 7.260000
6.823300 6.275100
6.758600 8.573300
5.958000 7.704400
6.133600 6.489300
5.454200 6.168000
7.707300 8.265600
7.048800 7.895400
5.192000 7.035700
5.805700 7.698600
7.070000 8.914900
6.950900 7.472600
6.408000 8.252000
6.320700 6.061800
7.109900 8.827600
5.278700 5.351500
6.300100 6.127500
5.360100 6.165700
7.098500 7.844900
6.330400 6.938200
5.442300 5.872200
6.747900 7.028200
6.320600 7.415400
6.145900 8.058800
6.663000 9.728300
6.408800 5.278200
6.162400 6.362300
6.233400 6.534400
5.739200 5.767200
5.830100 7.726100
6.869300 7.070200
5.674000 6.315000
7.043100 7.975000
5.132300 4.637900
5.831300 5.897400
6.750800 8.157800
5.316600 6.474000
5.715300 7.150000
5.792500 7.323200
6.467300 6.633100
6.640000 7.508900
7.149100 7.379400
5.786000 6.530300
5.475500 6.874700
7.497200 8.940800
5.595600 6.849200
6.558700 5.885800
6.464100 7.249300
6.423500 7.080200
6.107300 8.245900
5.768500 7.427200
7.830800 8.163000
5.431000 4.946100
7.188700 9.928800
6.044400 7.185900
5.572900 6.687700
5.562000 5.387500
5.411600 7.571700
5.767000 7.866800
6.726500 7.929400
5.824500 6.435100
5.501900 6.515600
5.631900 6.167500
4.827700 4.923900
6.724800 7.485300
5.926200 6.622600
6.322200 7.329500
6.165300 7.701100
6.469000 6.939700
5.533300 6.797300
5.578500 5.183800
5.989500 6.952100
7.059800 7.956700
5.243500 6.994800
5.550400 6.779600
5.505900 7.367700
6.288300 7.124900
5.830600 5.826900
7.327200 7.697200
6.572800 6.972100
6.172000 7.168200
6.635500 7.441700
5.116600 5.795900
5.691000 6.678800
5.076600 5.117600
5.071000 5.845100
6.804900 7.703400
6.182400 7.617400
5.403600 6.948600
7.480200 7.789100
5.787200 6.082400
4.432400 -4.424500
3.251900 -5.944400
4.341900 -7.213100
4.123100 -7.234300
3.394500 -5.554500
4.104400 -6.226900
4.286600 -5.802700
4.036300 -5.890200
5.003500 -6.548800
3.197200 -5.793400
3.876700 -5.775800
3.913500 -5.617500
4.222100 -5.780600
3.291800 -5.384600
4.423100 -6.154700
3.439800 -5.068000
4.939600 -6.033400
3.492000 -6.002800
3.600100 -5.748400
4.845900 -5.733100
4.232100 -6.416400
3.966600 -6.757200
4.097200 -6.260700
4.479500 -5.969000
4.786700 -6.217700
3.616100 -4.738500
3.635500 -6.077900
4.668800 -7.134100
4.724100 -5.759200
3.400200 -6.588600
4.522100 -6.251100
2.706200 -6.497700
4.561700 -6.920500
4.078200 -6.609300
3.432100 -7.199600
4.243500 -6.225300
3.648500 -6.445300
3.896700 -5.791400
3.291600 -7.064700
2.731400 -6.882300
3.957200 -5.875100
3.507200 -5.839600
3.817300 -5.512900
4.144300 -6.353300
4.235000 -5.814300
4.077300 -6.205700
3.539600 -6.314200
4.469800 -5.735700
3.797800 -5.460000
3.412000 -6.587600
4.190500 -6.479300
3.710000 -6.450200
4.297200 -6.353600
3.952300 -5.270900
4.262700 -6.629800
3.977000 -5.802700
3.258800 -6.005500
3.435800 -6.649100
5.095500 -5.506000
4.782000 -5.712300
4.489500 -6.903000
4.421700 -6.208300
3.605500 -5.353600
3.917900 -6.165600
3.713700 -6.038800
3.396600 -6.675400
3.508700 -6.969300
4.192600 -6.275800
4.444700 -6.085700
4.219700 -5.861100
5.395000 -5.519400
3.862600 -5.559900
4.144700 -5.480600
4.967600 -5.922000
3.508000 -6.425700
4.358700 -5.579100
3.855200 -6.478200
3.478100 -5.273300
4.409800 -5.778500
3.710900 -5.521900
4.857000 -6.905800
3.869100 -6.794200
4.736500 -6.447200
3.382200 -6.198400
4.038700 -6.706300
3.595200 -6.622100
3.660500 -6.750400
3.675600 -5.894900
4.573600 -6.520400
3.937700 -6.089900
3.700200 -6.028700
3.660900 -6.119900
3.959800 -5.831100
4.253600 -6.799300
2.994700 -6.045500
3.751500 -6.269300
3.617700 -5.240300
5.164900 -6.855300
4.112700 -6.837200
3.946500 -6.705600
4.697100 -6.125600
4.004700 -5.361600
3.827100 -5.533600
4.422600 -5.968900
4.418500 -6.542600
3.276600 -4.872700
3.491900 -6.678300
3.590400 -5.908800
3.119300 -6.926000
3.850400 -5.792000
3.095800 -5.079000
3.591300 -6.388700
4.082200 -6.198100
4.578900 -5.949400
3.864300 -6.455300
4.759500 -6.941400
4.927300 -5.582800
4.077600 -5.264100
2.939200 -6.663900
3.516400 -6.877100
3.869300 -5.431500
4.382500 -5.640600
4.781700 -6.226500
5.101900 -6.957200
4.246800 -5.362300
4.009500 -6.228800
5.385800 -6.642000
3.408600 -6.135600
4.736000 -6.018800
4.278200 -6.115600
4.223700 -5.862800
4.475700 -5.881700
3.808900 -6.702000
4.778900 -5.484400
4.516000 -5.576400
3.583300 -6.032100
3.900500 -5.905500
4.411100 -6.368100
3.996300 -6.180400
5.054200 -6.048200
3.387800 -5.761100
3.394900 -5.692900
4.011800 -5.913600
4.276900 -5.840800
4.928900 -6.273400
3.257600 -6.461400
5.061400 -5.688400
4.144000 -6.881900
4.599500 -5.896900
4.179700 -6.434200
4.895700 -6.278800
4.163100 -5.332100
3.296300 -6.196000
4.630400 -5.900700
4.634700 -5.917400
4.654000 -5.160500
4.458300 -6.522300
4.015100 -6.147700
4.065200 -6.278300
4.355100 -5.087800
4.064300 -5.590200
3.761300 -6.686800
4.163700 -6.557500
4.663100 -6.040700
3.744200 -5.427600
3.756600 -5.823400
3.545200 -6.063500
3.194800 -5.713500
4.019900 -6.375400
3.946900 -4.916900
4.101600 -5.231300
4.081300 -6.422000
3.336600 -5.128200
4.574300 -5.778300
3.721000 -5.720800
3.973000 -6.171600
3.554800 -6.040700
3.568300 -5.238600
3.741900 -5.520700
4.345700 -5.402200
3.382600 -6.211100
3.692100 -6.064300
3.908700 -6.707300
3.853200 -5.999700
4.127700 -6.969200
4.378600 -5.922800
3.722400 -5.396100
5.276100 -6.040800
2.705300 -5.397900
4.472500 -6.562300
4.594800 -5.625700
3.994900 -5.853400
3.894500 -5.652200
3.332900 -5.957800
3.831000 -6.081600
4.353100 -6.257600
3.898300 -5.019700
4.704300 -5.773400
3.817900 -6.998100
4.518800 -6.210000
3.949700 -6.139300
4.554600 -5.476300
4.085800 -6.742900
3.945800 -6.161100
5.061700 -5.704500
3.688200 -5.616900
3.592300 -5.902200
3.358200 -5.977400
3.848400 -5.953000
4.018200 -6.398000
4.013100 -5.825000
4.954700 -5.895500
4.352800 -5.781300
3.237600 -5.981500
4.158300 -5.753300
4.012600 -5.698200
5.122200 -5.777000
4.628500 -6.672300
4.216700 -5.691200
4.356300 -5.324000
4.124700 -5.604000
3.825600 -5.801900
3.856800 -5.735400
3.904100 -4.838100
4.041300 -6.054900
3.678300 -4.926700
3.751600 -6.491600
3.696300 -5.787100
3.658500 -6.083100
4.444100 -5.674700
2.952300 -6.234500
4.246300 -5.213600
4.508600 -6.120200
4.598600 -5.718300
3.746900 -6.546900
4.791800 -6.677400
3.421600 -6.410700
4.148900 -5.503900
3.010100 -5.689900
4.655600 -6.112500
4.472800 -6.041800
4.982100 -5.501200
4.029200 -6.417200
5.342500 -5.767400
4.553200 -7.159900
3.742700 -6.417900
4.363600 -4.974500
4.802800 -5.703300
3.978000 -6.816700
4.114500 -5.723800
4.264600 -6.207100
4.654700 -6.410300
3.794100 -5.012100
4.351100 -5.782700
4.222500 -6.172700
4.330200 -6.281800
4.818200 -5.954700
4.387800 -5.257100
3.732500 -5.307000
5.325500 -6.348000
4.742100 -5.949200
4.510600 -5.803700
3.447700 -6.239500
4.236800 -6.005900
3.106700 -6.234800
4.121200 -5.250600
2.874500 -5.239100
4.283300 -5.601000
5.013800 -6.148600
3.661400 -6.502800
4.795100 -7.168700
4.523100 -6.011400
4.387200 -5.738500
4.105200 -6.814400
3.024400 -6.707600
3.675300 -5.611100
4.047800 -5.094200
3.439400 -6.555100
3.962600 -7.055500
4.746000 -5.798800
3.435300 -6.106700
4.113200 -6.070800
3.600300 -6.346400
3.462600 -6.240500
2.591500 -5.011600
4.337900 -7.251000
3.841000 -5.316800
3.811300 -6.202500
4.441900 -5.874500
3.988100 -5.786700
3.444800 -5.558900
4.454900 -5.458500
4.278100 -5.271800
4.645700 -6.087100
4.194300 -6.535400
4.883200 -6.354900
4.937100 -6.365200
4.400300 -5.230400
3.307400 -5.210900
3.673700 -6.189200
3.919000 -5.849600
5.003700 -4.719600
3.852400 -6.155300
4.534900 -6.629800
4.049700 -5.506600
4.734900 -6.008100
4.453400 -6.076600
4.889200 -5.625500
3.873700 -5.552600
3.775100 -5.762900
3.779300 -6.304500
4.837500 -5.749400
3.912500 -6.797300
4.062200 -5.871800
3.688000 -6.346900
3.957700 -6.464700
4.807500 -6.422900
3.908000 -6.017000
3.819900 -6.531500
3.801400 -6.536400
3.241000 -5.243000
3.705900 -6.370400
4.890200 -6.819400
5.720100 -5.901800
3.624200 -6.310100
3.422600 -6.063200
4.345400 -7.025700
3.838300 -5.922100
4.031000 -5.083600
4.119600 -6.876500
3.956500 -5.873700
4.689500 -6.450100
4.400900 -5.892500
4.059800 -6.157600
3.564800 -6.137900
3.707000 -5.687300
4.179400 -6.517400
5.275000 -6.461800
3.747900 -5.448900
4.656400 -6.634300
4.217500 -6.570000
4.164300 -6.462600
3.882900 -5.880500
4.422500 -6.142000
3.829600 -6.068300
4.832000 -6.264900
4.694900 -5.186300
4.090000 -6.008500
3.300700 -5.554900
4.297100 -6.737900
4.158000 -6.223800
4.107900 -6.331800
4.172000 -5.402900
4.092200 -6.005500
4.458600 -6.226700
2.894600 -5.924100
3.463700 -6.249100
3.649700 -5.374800
3.683100 -6.698300
4.625500 -5.770800
3.528200 -5.672100
3.841400 -6.634300
4.609100 -6.438500
3.748000 -6.137600
3.913800 -6.457800
3.360400 -6.312100
2.875700 -5.906400
4.093300 -6.109600
4.460500 -5.744600
3.970800 -6.473600
4.401500 -6.288300
5.041700 -6.269100
2.902300 -4.866200
4.669900 -5.393500
4.390400 -5.793100
3.446400 -6.428800
3.655400 -7.108000
4.745900 -5.234300
3.719400 -6.042500
4.039100 -6.768500
3.623800 -5.680700
3.564700 -6.173700
3.861800 -6.060100
3.773900 -5.975400
3.966300 -5.317200
5.798800 -6.826800
4.703100 -5.827000
4.547500 -6.162200
3.670700 -6.117400
4.228800 -6.835600
4.280400 -6.215200
4.303700 -6.544200
3.712200 -6.814700
3.531300 -5.727200
3.984600 -6.357600
3.465600 -6.487900
3.764900 -6.334400
4.511200 -5.652900
3.756200 -6.110900
4.819000 -5.484100
5.459100 -5.485400
3.482700 -4.820100
4.105700 -6.546700
3.445600 -6.352800
4.200600 -6.715500
3.624100 -6.155900
4.292400 -6.424900
4.422200 -5.244800
3.202200 -6.452700
4.314700 -5.346800
4.174200 -6.118800
5.100000 -5.830500
4.949900 -6.750600
4.215500 -5.985300
4.160200 -6.933200
4.005400 -6.176500
4.334600 -6.279400
3.412500 -5.876700
3.907000 -5.666900
4.633900 -6.649900
3.792500 -5.223400
4.410900 -7.039100
4.565700 -5.128800
4.869800 -7.097100
3.816900 -5.605400
3.827900 -5.315800
4.851800 -6.564100
3.742900 -5.988700
3.628500 -5.977400
3.697300 -6.721900
4.131600 -5.872500
4.239700 -5.925600
3.888400 -5.722300
4.530200 -5.778200
2.885900 -6.294600
4.220800 -5.555500
4.414800 -6.591000
4.264000 -6.474900
4.459900 -6.248100
4.524600 -5.888900
4.023700 -6.387800
4.286300 -5.498400
3.370300 -5.929200
3.324100 -4.735000
3.142200 -7.083400
3.720000 -4.912300
4.271900 -5.223600
4.493600 -6.145300
3.642400 -5.508200
3.989300 -6.119000
4.798800 -6.688900
3.769700 -5.889700
3.916300 -6.073100
3.700800 -5.898500
4.369500 -6.574400
4.633700 -5.920900
3.750400 -6.209600
3.974100 -6.096800
3.614700 -6.336800
4.146600 -7.188400
3.671300 -6.478400
3.765700 -5.175800
4.037200 -5.551300
2.899900 -5.713300
4.594000 -5.881600
3.767300 -5.954700
4.495000 -5.322500
4.285500 -5.908800
3.593400 -6.238500
3.863200 -5.611900
3.531900 -5.759400
3.321900 -5.071400
4.202600 -6.406500
3.764600 -5.688900
4.285000 -6.588900
3.597900 -5.421400
3.553100 -6.006900
4.154500 -4.904700
4.886500 -7.021800
4.025100 -5.791500
3.881500 -6.673800
3.916400 -6.445300
3.963800 -6.153100
3.301600 -4.972100
3.551000 -5.928000
3.776400 -5.472800
3.988800 -6.441800
4.569100 -6.447300
3.848100 -5.562600
2.763300 -6.375000
3.640900 -5.851500
3.668400 -5.538000
4.743000 -6.463300
4.001200 -5.185900
3.287100 -4.951500
4.551000 -6.596800
4.306600 -5.568000
4.565300 -5.656900
4.678100 -6.209400
3.936500 -5.895500
4.064100 -5.691300
4.218600 -5.742900
4.005100 -6.058300
4.461000 -6.787600
4.272700 -6.332300
2.708900 -5.975100
3.590100 -5.946400
4.338800 -6.337100
3.992000 -4.895100
4.300900 -5.542600
4.056100 -6.110900
3.768300 -6.182600
4.088500 -6.057600
4.000600 -5.776000
3.542500 -6.329200
3.802300 -5.759200
3.911900 -6.031800
4.523900 -5.852100
4.559100 -6.476000
3.763000 -7.482900
4.147800 -5.363400
4.301500 -6.338200
4.090100 -6.648300
4.404600 -5.981700
4.082900 -6.253600
4.685400 -4.729600
2.850900 -6.607200
4.071400 -6.183300
4.253300 -5.960900
4.038100 -6.643300
4.113600 -5.583500
3.691700 -5.814300
3.923300 -6.181500
3.485400 -5.734200
3.877200 -6.311000
3.812600 -6.355400
4.822200 -5.725300
3.804700 -5.948900
4.371300 -6.072000
4.756000 -5.156700
3.873100 -5.855900
3.578800 -6.031200
3.697300 -7.014300
3.229500 -6.352000
3.284000 -6.109800
3.398200 -5.745100
4.408900 -6.298900
3.487600 -6.739400
4.295300 -6.041100
4.270600 -5.711100
4.482900 -6.214500
3.671300 -7.072500
3.613400 -6.201200
4.062800 -6.008300
3.911100 -5.829700
3.707000 -6.430000
4.507700 -5.366700
4.568900 -6.132100
4.423900 -5.771000
3.937900 -6.597300
3.241700 -6.303500
3.705100 -6.577700
3.324000 -6.537400
4.544200 -5.937300
4.058900 -5.702600
3.345800 -5.740400
4.939000 -6.138900
3.851200 -5.487900
4.573900 -6.178300
4.173100 -5.852700
3.756600 -6.228100
3.288500 -5.916900
3.628500 -6.616500
4.591500 -5.502800
3.865500 -6.833000
4.097100 -5.109600
4.185300 -5.839500
4.399100 -6.339300
4.074200 -5.640500
4.943000 -5.410900
4.494300 -6.024400
3.570000 -5.149700
3.431700 -6.839300
4.593400 -5.838500
3.918300 -5.465500
4.350200 -5.450400
4.248500 -5.918700
4.389300 -5.885100
4.002000 -6.578300
4.898500 -6.150700
4.592900 -6.679200
4.460300 -6.160700
3.648800 -5.730600
4.518600 -5.828100
2.752700 -6.088600
4.977400 -5.961300
3.910600 -6.408400
3.564700 -6.416100
4.077000 -6.013100
4.370300 -5.470300
4.352300 -5.460300
3.768300 -5.627500
4.214400 -5.545400
3.245500 -6.523600
3.944300 -5.739900
3.754900 -6.276600
3.129700 -6.181400
3.839700 -5.543300
4.790100 -6.214800
4.764900 -5.612300
3.806000 -6.806200
4.147400 -6.912900
3.906900 -5.928300
5.093000 -6.564100
0.351500 6.432100
0.575000 4.356100
0.989000 5.977100
2.243800 5.988300
0.306100 4.144500
2.877100 6.901500
-0.416200 4.481500
1.243100 8.566100
0.983700 6.197800
-0.161300 5.718300
1.352200 6.597300
0.451100 4.409600
1.090400 5.694300
2.358400 8.096000
1.888900 3.915100
1.385200 5.739200
1.689000 5.153600
0.813600 7.453100
-0.142100 4.519900
0.266900 6.764300
0.861700 5.580000
0.355700 6.632000
2.087700 7.770100
1.157300 5.912200
1.541100 5.413400
0.840400 5.113100
0.369300 6.655600
-0.034700 3.312400
2.631800 7.399100
0.774300 6.376000
0.700700 4.511500
1.367200 5.456400
0.452800 5.837200
0.546900 4.456600
1.689600 5.511700
2.147800 5.534400
1.124800 5.988000
1.543200 6.410100
0.984300 5.873400
1.265500 4.502900
-0.863000 3.421200
1.832900 5.041200
1.441500 5.042900
1.018200 6.559300
0.720300 5.016700
1.352200 5.894600
0.492300 5.308200
1.039900 5.918800
1.315900 6.314500
0.488800 5.383100
1.065500 6.854100
0.415300 6.201500
0.978800 5.547200
1.607200 5.320300
0.672800 7.249100
0.969900 6.693000
0.309500 5.726600
1.570100 8.060100
0.035700 3.714700
-0.047700 6.429100
1.092400 6.647600
-0.158200 5.468000
1.626400 6.425800
0.827300 4.869200
0.737700 6.051700
-0.208700 4.772800
0.789100 5.316600
0.181400 4.895300
0.496800 4.478900
0.655500 5.745200
0.134100 7.567600
0.982500 6.426800
1.967700 6.168100
0.535600 6.538000
1.040900 5.547100
2.102800 7.384500
0.635600 6.006800
1.002700 6.092700
0.019100 4.442400
0.315300 4.803100
0.989300 4.997900
1.367900 5.200200
0.239700 4.539400
0.465000 5.802300
2.384900 6.516700
0.300600 5.685800
-0.120200 4.238400
0.775200 6.922300
1.895200 8.364400
-0.053000 4.376500
1.816700 7.469500
1.349100 5.841700
-0.231400 3.410400
0.828100 4.193700
0.312500 6.263300
1.467200 5.934800
0.190900 4.868100
1.496900 6.446200
1.204300 6.943000
1.755200 6.390300
0.788600 5.900400
0.061400 5.797100
2.082800 7.340000
0.029300 4.415500
1.986100 6.324000
0.284200 6.377200
1.249500 5.135800
1.056100 4.352200
1.827900 7.016800
1.859400 6.761600
2.378100 7.140300
1.383800 7.097000
1.507100 8.571600
1.314900 4.751900
1.926500 6.228800
-0.797900 4.619500
0.584200 5.265600
0.420000 5.634400
-0.393200 6.253300
1.659300 5.096400
0.703500 5.224900
1.309300 6.187800
1.547500 6.977600
0.838500 6.210100
1.545500 5.518800
2.172200 7.926700
1.782800 6.941800
0.408000 5.094100
0.656700 5.482900
-0.216400 5.213800
1.364700 6.083500
1.182200 5.417500
1.943500 6.181300
2.102400 6.140800
-0.080400 3.646100
0.240400 4.423500
1.370300 5.750100
1.385600 5.974000
1.970000 8.666900
0.839900 6.577000
1.352400 6.805200
-0.305800 5.434200
1.442900 6.282800
0.339700 4.294200
2.502800 7.692000
1.441700 6.533100
0.962900 6.589500
-0.326100 5.788200
2.439900 7.784000
1.189700 6.441900
-0.670700 3.353900
0.495800 4.629100
1.075700 3.699600
1.283400 6.382700
0.766100 6.314700
1.042800 5.716700
1.055000 6.501000
1.920700 6.767000
1.517100 6.582600
0.521000 3.998300
0.297000 5.747800
1.072600 5.760500
0.777400 5.741100
-0.027500 5.049700
1.339100 4.905000
0.422900 5.824300
-0.408100 3.626200
0.288500 4.768700
0.588800 5.219100
1.293200 5.294500
0.947500 5.938100
0.023100 4.552500
2.719700 6.284800
2.000700 9.217000
1.481400 6.190100
1.516000 5.657400
2.511300 6.952400
0.030100 5.686800
-0.060100 3.574100
1.159100 6.329500
0.236300 4.739300
0.577300 5.275700
0.040400 5.942800
1.325600 6.865600
0.620100 6.367500
0.321200 4.331600
2.223200 5.375100
0.637400 5.556600
1.307700 6.633000
-0.282000 5.943700
1.873000 6.445600
0.644200 4.959300
0.529200 6.130800
0.955800 8.072200
1.736900 5.366600
0.946800 5.803100
-0.135600 4.464600
0.688800 5.588500
1.575300 5.159100
2.032800 5.604800
2.503900 6.392400
1.860700 6.017300
0.840000 5.024200
1.662400 6.503600
1.783900 6.799800
1.061800 5.402500
0.732800 5.171200
0.887500 6.272000
1.359600 7.727200
2.225100 7.989400
0.781800 5.732900
1.695400 5.503300
1.203000 4.951200
0.875300 5.631800
1.785400 6.191600
3.229500 9.237300
0.068900 6.022400
0.881200 5.466000
2.446200 7.671200
0.860300 5.903400
2.136300 6.588000
0.711400 7.589400
0.731000 5.778100
0.220100 7.148700
2.544900 6.286600
0.275600 6.043300
-0.289500 4.000900
1.095000 6.696100
0.943500 5.403200
0.868600 6.754400
1.102600 4.566300
1.405200 8.289100
1.166700 7.055700
-0.970200 6.072100
0.600600 4.473700
0.580900 5.806600
1.516100 5.697100
0.094000 4.731200
0.689700 5.636200
-0.620500 3.811600
1.263100 4.994200
1.033000 6.911700
2.449100 7.503200
1.255500 7.342400
-0.423200 4.047900
0.151100 5.721400
1.607300 6.249600
0.991800 5.938600
0.960500 6.509400
0.514300 6.531100
1.252600 4.832100
1.790900 7.798700
0.460400 5.694700
1.179100 5.816300
2.372200 8.186200
1.435800 6.040300
0.797300 6.768700
-0.549900 3.681200
2.324900 7.220500
1.426900 6.996200
1.134800 5.737700
1.074300 4.262800
1.379500 6.146900
1.157900 5.559200
1.510500 4.919900
0.880600 5.381100
0.641800 5.303400
1.684500 6.573400
0.498200 3.720400
2.196700 6.567700
0.235500 4.405100
0.437600 5.503200
0.322500 7.121900
1.742600 6.664800
0.980600 5.276400
0.328100 6.724400
0.007500 6.240200
1.707600 6.720500
0.682000 5.737200
0.690700 6.039500
2.000800 6.483600
1.348300 6.133400
1.157300 7.666100
2.043200 6.456800
1.308000 7.315500
0.669500 7.045700
1.564200 6.886200
1.033400 5.998400
1.219800 6.593800
2.171100 7.446200
1.255700 6.418200
0.799200 7.458500
0.395900 5.952500
1.502700 5.806000
1.049200 7.633300
1.570400 6.159200
0.098300 4.471800
0.409400 6.049900
0.637700 5.925900
1.456500 6.556800
1.470900 6.859300
1.359100 5.341300
-0.039800 4.339900
0.060000 6.174500
0.948700 6.782700
-0.115300 3.238100
1.299400 6.434500
0.165700 6.490800
1.119100 6.610700
0.621800 5.156000
0.841100 4.478500
1.350700 6.784700
-0.426100 4.033700
0.439300 5.728700
0.923400 8.419500
0.808600 4.807200
2.009000 8.223500
1.121800 4.918100
0.947900 5.471500
0.731700 4.574800
0.686400 6.335600
1.000700 3.821800
0.018400 3.783500
0.258000 4.571300
0.937900 4.836300
1.117100 5.218100
0.816300 5.504700
1.776100 6.321900
-0.550100 5.131800
2.398900 6.855800
0.745000 5.747000
0.293300 5.644100
0.705300 4.632600
1.979300 7.153000
1.557200 4.773000
2.058800 6.655400
1.080900 6.227900
1.010700 7.597500
1.031000 6.202700
0.183200 4.866500
1.501600 6.592900
1.603300 5.560200
0.742800 5.325700
1.470900 6.055300
0.687300 6.048500
1.498500 7.137400
1.419500 6.270900
2.598500 8.033800
0.329000 6.181000
1.543400 7.026100
1.553900 6.070600
1.078000 7.486600
-0.379700 5.752200
-0.074500 4.809000
1.227100 5.501800
1.096700 5.698600
2.906900 6.066100
1.626700 5.542100
0.218100 5.609100
-0.771300 3.407100
2.321800 5.605900
0.090200 6.056100
0.581900 5.620600
0.415500 5.921500
-0.483600 5.255500
0.538600 5.035400
1.041200 6.135600
0.704700 6.646900
-0.129400 5.574100
0.722100 6.229300
1.415000 4.536400
0.656800 6.804500
0.528700 6.421800
-0.057600 4.873600
0.492200 5.447100
0.746200 4.770000
0.211100 4.455300
1.326300 6.748000
1.220200 7.055800
2.525700 6.210900
0.960500 5.762400
-0.571200 4.385500
2.401500 9.030000
0.600000 5.864300
1.089100 7.911800
1.190200 7.256200
0.489100 5.417100
2.359500 7.456800
0.404100 5.616600
2.079300 7.409600
1.549200 5.405100
0.462900 4.755400
0.958100 4.913900
0.462900 4.966300
-0.046500 5.862700
-0.140700 5.506000
1.241700 5.246900
0.306800 6.046600
1.129900 6.463600
3.289300 8.225800
1.056500 5.501700
0.956200 7.927400
1.885000 8.621900
0.585200 4.911300
0.208000 5.845800
2.182500 7.050000
2.037500 8.350300
-0.607700 5.069800
1.453600 6.418200
2.408600 7.005400
1.233800 6.239000
1.029100 6.706300
-0.184900 4.856800
1.893800 4.909500
0.834700 6.173600
1.668100 7.179000
0.821200 4.742800
0.894100 5.531000
0.434100 3.847000
2.360800 6.693900
1.317300 6.969600
0.684400 6.694800
0.796300 5.813800
1.319400 6.405200
0.361400 5.248300
1.181200 6.306200
-0.089200 6.315500
1.702800 5.878400
1.334300 6.403000
-0.092200 3.952900
0.711300 5.528600
1.008300 6.841700
1.852900 6.992100
2.195000 7.331600
0.761300 5.336000
0.136600 5.793900
2.375100 8.761100
1.309900 5.749600
2.034000 7.298500
0.052600 4.701600
0.757500 5.769400
1.293600 6.946100
0.639700 4.134700
2.072500 7.282400
-0.226400 4.622000
0.739400 6.258000
0.703600 5.523300
1.025200 6.041800
0.186300 5.193200
0.751200 5.979200
0.684100 6.189100
0.607800 4.781900
1.240800 7.372100
2.276000 7.533800
0.850400 4.959600
0.792300 5.283000
0.302800 5.889800
0.754600 4.915400
-0.040600 4.066400
0.725500 4.256300
1.381100 4.758400
1.434000 6.621400
0.863500 4.483900
0.690200 6.110800
1.207100 5.708300
0.827900 6.338200
0.255500 5.925000
0.799100 7.706000
-0.060400 6.183000
1.698300 5.564900
-1.858200 3.445500
0.333900 5.760500
1.099000 5.768900
0.500200 4.834100
0.665000 5.765000
1.345100 5.470200
2.125600 5.915100
0.961400 5.719700
0.588600 4.787300
1.371400 5.876200
0.094600 5.548600
1.956800 8.112300
1.682000 6.864100
1.234500 6.362300
0.578300 5.963700
1.205100 5.257600
2.093800 6.760800
0.589400 5.693200
1.569600 7.539100
2.239700 6.169300
0.441400 5.472600
0.950400 5.563700
0.159800 5.712700
0.837400 7.049400
1.207400 6.477900
1.246500 6.119400
1.068700 7.484300
0.382000 4.224100
0.872400 5.282000
1.568200 6.442900
0.655500 5.327500
0.848400 6.706300
0.398000 5.724600
0.351700 5.195300
1.113600 6.798700
0.913600 5.251500
0.933800 5.547000
1.031200 5.714300
1.299800 5.011600
0.955400 5.067600
1.586000 5.864200
0.737400 6.200600
2.502800 6.855500
1.990200 7.532100
2.331500 6.727400
2.119500 6.268600
1.240000 6.154800
1.396300 5.237300
0.837700 6.039900
0.994000 6.283400
0.220800 6.107100
0.200800 6.134900
2.307100 6.773800
0.922000 5.682000
1.336400 4.376000
2.275700 6.390800
2.040300 4.990900
1.247600 5.978200
1.920900 7.920400
0.654300 4.960200
-0.708500 5.068800
1.830300 6.177300
1.384600 4.491100
2.248400 6.019000
-0.050900 5.714700
0.472900 4.669900
1.733500 6.783400
0.744800 7.331300
1.725200 5.320200
1.041000 4.635200
0.903600 6.079600
0.468700 5.444800
0.983800 6.890900
2.833000 7.659300
0.545800 6.468800
1.650900 5.598800
2.501000 5.816700
1.615500 6.992200
0.898100 6.053200
1.723900 7.785600
2.123400 6.344300
0.882200 5.726300
0.069000 6.326700
-0.728100 4.581900
-0.274100 4.415900
1.518700 6.839000
0.110200 5.082300
0.941400 5.552300
1.012500 5.599300
1.353200 5.205000
1.574000 6.712500
1.007200 6.077400
0.564600 5.168800
-0.179300 4.978200
0.093800 4.560100
0.502900 5.748200
1.668700 5.244200
0.244200 5.589100
0.758400 5.585500
1.102200 6.412000
1.852800 6.309400
2.055600 7.031600
1.274700 6.202200
0.675300 5.188600
0.276300 4.570100
0.849900 5.589400
0.608700 4.186600
0.803700 6.550300
1.572100 6.251600
0.562800 6.016800
1.273800 6.744500
1.343900 5.868400
-0.017200 4.901100
0.203100 4.145500
0.797800 4.588100
1.070100 4.681500
2.005200 4.942900
1.412500 8.208300
-1.521700 4.339800
0.259500 4.398600
1.976300 6.613700
0.849100 5.846000
2.077000 6.705100
2.383200 6.586900
-0.964500 4.800500
0.821100 6.956200
0.719000 5.504400
1.315900 5.345700
1.398200 5.571400
1.434500 5.546700
1.883300 6.721900
0.502200 5.540600
1.276200 6.486900
0.782500 4.657100
1.544100 6.605300
0.371600 4.730300
1.790300 5.691500
1.276000 6.385400
-0.012900 5.981900
0.385000 7.487500
2.099500 6.054800
